acc = 0.8613413715146948
eval_loss = 0.6674039027375219
mcc = 0.7831591861992225
